=== Random Forest ===
                  precision    recall  f1-score   support

             0.0       0.97      1.00      0.99      3870
2.06589162649853       0.00      0.00      0.00        94
 2.8824186949861       0.00      0.00      0.00        12
3.40064446071604       0.40      0.40      0.40         5
3.78111904110599       0.00      0.00      0.00         3
4.08190481627408       0.00      0.00      0.00         2
 4.3306702257458       0.00      0.00      0.00         1
4.54278340435752       0.00      0.00      0.00         1
 4.7276706993803       0.00      0.00      0.00         2
4.89153289634322       0.00      0.00      0.00         2
5.03866733466478       0.00      0.00      0.00         1
5.17217515612781       0.00      0.00      0.00         1
5.29436781183512       0.00      0.00      0.00         1
5.40701433045916       0.25      0.50      0.33         2
5.51149879265859       0.00      0.00      0.00         1
5.60892450551905       0.00      0.00      0.00         1
5.70018515955014       0.00      0.00      0.00         1

        accuracy                           0.97      4000
       macro avg       0.10      0.11      0.10      4000
    weighted avg       0.94      0.97      0.95      4000


=== Logistic Regression ===
                  precision    recall  f1-score   support

             0.0       0.98      0.97      0.97      3870
2.06589162649853       0.07      0.12      0.09        94
 2.8824186949861       0.14      0.08      0.11        12
3.40064446071604       0.00      0.00      0.00         5
3.78111904110599       0.00      0.00      0.00         3
4.08190481627408       0.00      0.00      0.00         2
 4.3306702257458       0.00      0.00      0.00         1
4.54278340435752       0.00      0.00      0.00         1
 4.7276706993803       0.00      0.00      0.00         2
4.89153289634322       0.00      0.00      0.00         2
5.03866733466478       0.00      0.00      0.00         1
5.17217515612781       0.00      0.00      0.00         1
5.29436781183512       0.00      0.00      0.00         1
5.40701433045916       0.00      0.00      0.00         2
5.51149879265859       0.00      0.00      0.00         1
5.60892450551905       0.00      0.00      0.00         1
5.70018515955014       0.00      0.00      0.00         1

        accuracy                           0.94      4000
       macro avg       0.07      0.07      0.07      4000
    weighted avg       0.95      0.94      0.94      4000
